10
76
1 28051
2 38831
3 31111
4 7461
5 30271
6 63681
7 12721
8 92681
Execute
9 33731
10 48071
Execute
Execute
11 87251
Execute
12 18031
Execute
13 38501
14 13251
Execute
15 64591
16 50751
17 59901
18 64401
19 52801
20 28281
Execute
21 96681
22 17881
23 26811
24 37961
25 26121
Execute
26 35301
Execute
27 82271
28 2601
29 2031
Execute
30 47451
Execute
31 28731
32 4311
33 53771
34 71491
Execute
35 48811
Execute
36 69271
37 76031
38 69161
39 1121
Execute
40 44731
41 26601
42 66701
43 3781
Execute
44 9991
45 31711
46 42301
Execute
Execute
47 3151
48 10791
49 74171
50 98061
51 68241
52 96561
53 43411
Execute
Execute
54 8551
55 91311
56 22211
57 86991
90
58 71781
59 32741
60 24991
Execute
61 87131
Execute
62 24081
Execute
63 42321
64 7421
65 221
66 95411
Execute
67 5841
68 55771
Execute
69 2411
Execute
70 31091
71 45461
72 72991
73 10161
74 55491
75 64691
76 551
77 23021
78 32081
79 31161
80 19851
81 49311
Execute
82 80221
83 77371
84 29081
Execute
85 12851
86 80391
87 80881
Execute
88 76121
Execute
89 76521
Execute
90 291
91 49951
92 17751
Execute
93 4631
94 97251
95 89021
96 26691
Execute
Execute
97 73011
98 65131
99 63651
100 17561
Execute
101 49721
Execute
102 35781
103 49951
104 53831
105 30861
106 37571
Execute
107 9371
Execute
108 70001
109 59491
Execute
110 37511
Execute
111 19341
112 95281
113 31711
114 6851
Execute
115 80711
116 56991
117 20961
118 55341
119 98691
Execute
120 66501
121 74171
122 24661
123 60491
124 75711
Execute
86
125 88321
126 16761
127 78891
Execute
128 16161
Execute
129 56221
130 54551
131 54431
132 30711
Execute
133 43451
134 78301
Execute
135 92711
136 30361
137 15361
138 89311
Execute
139 27501
140 28701
141 29621
Execute
142 72471
143 40851
Execute
Execute
144 2191
145 81301
146 33851
147 46971
Execute
Execute
148 22211
149 11561
Execute
150 401
Execute
151 59701
152 99991
Execute
Execute
Execute
153 40011
Execute
154 71941
155 28591
156 64161
157 1871
158 92501
159 30691
Execute
160 95131
161 42381
162 91511
163 49451
Execute
164 86341
165 64691
166 87671
167 55331
168 61421
169 63451
170 79281
171 33811
172 68311
173 94511
174 67821
Execute
175 41271
Execute
176 33991
177 81981
178 64541
179 43111
180 84851
181 83691
182 61411
183 62531
184 96221
185 67451
186 12941
187 5931
188 92701
189 98081
190 49381
12
191 73021
192 30821
193 56001
194 11611
195 39051
Execute
196 10231
Execute
197 35051
198 16851
199 17311
Execute
75
200 79111
201 76301
202 67841
Execute
203 39031
204 51821
Execute
205 10401
Execute
206 97111
207 93101
208 45751
209 14361
210 11651
211 70421
Execute
212 26431
213 17711
Execute
Execute
214 88131
215 25341
216 5441
Execute
Execute
217 18151
218 14041
219 63961
220 48781
221 55921
222 27001
223 98251
224 311
225 33411
226 98041
227 70611
228 93831
229 41981
230 91411
231 82731
232 38711
Execute
233 16281
234 6681
235 55691
236 78321
237 78041
238 98441
Execute
239 32671
240 19831
241 78241
242 96371
243 62211
244 14991
Execute
Execute
245 25591
246 62441
Execute
247 29671
Execute
Execute
248 75901
249 39111
250 47081
251 89991
252 38431
Execute
Execute
253 11711
254 23581
255 92441
256 82931
257 97671
22
258 35191
Execute
259 11781
260 61251
261 42201
262 49891
263 68041
264 6371
265 15601
266 60361
267 69751
268 17361
Execute
269 87861
Execute
270 53951
271 46001
272 28991
273 35981
274 56481
275 4521
276 93001
72
277 26741
278 37121
279 37201
280 83321
281 44501
282 19571
Execute
283 93461
284 50521
285 37881
286 30321
287 21731
288 58311
Execute
289 67881
290 46831
Execute
291 93311
Execute
Execute
292 30421
293 23611
294 88441
295 48241
296 54901
297 33001
Execute
298 61691
299 5221
300 56631
301 43561
302 68531
303 56391
304 90051
305 3431
306 94581
307 22411
308 75261
Execute
309 98991
310 51631
Execute
311 94571
312 83921
313 8771
Execute
314 33641
315 63451
316 12591
Execute
317 59411
318 30421
319 11171
320 83061
Execute
Execute
Execute
321 11911
322 83221
323 46471
324 58601
325 55241
Execute
326 76411
Execute
327 12251
328 6901
329 21401
330 96931
331 77581
332 22861
333 93621
56
334 73761
335 83041
336 96071
337 67941
338 45821
339 24861
340 99481
341 64331
342 88321
343 37521
344 28751
345 46351
Execute
346 86411
347 91681
Execute
348 66271
349 7751
350 38671
351 1221
352 98001
353 65231
354 97051
355 5001
356 60261
357 64821
358 3621
359 56891
360 7621
361 45811
362 97771
363 78991
364 69091
Execute
365 52531
366 92611
367 98821
368 64141
369 48111
370 10161
371 13511
Execute
372 65981
373 29561
Execute
374 38581
375 23211
376 5131
377 99391
378 62061
379 60001
380 38451
381 22801
382 58631
383 4091
Execute
88
384 40711
385 36021
Execute
386 73271
387 89161
388 3201
Execute
389 90451
390 68071
Execute
391 1111
Execute
392 60821
393 20581
394 82461
395 20301
396 92661
397 4921
398 1981
399 8301
400 17481
401 83831
Execute
402 15361
403 94961
404 28671
405 21451
406 35161
Execute
407 62811
408 93681
409 75151
410 51891
411 22841
412 59751
413 5371
414 52781
415 33451
Execute
416 50251
Execute
417 62931
418 63581
419 63391
420 23191
421 94441
422 80251
423 80031
424 28761
425 36641
Execute
426 70141
427 80651
428 29771
429 64851
Execute
430 7141
431 16691
Execute
432 84061
Execute
Execute
433 38291
Execute
434 17761
435 90611
436 49591
437 92441
438 25621
439 30461
440 10001
Execute
Execute
441 66511
442 48221
443 98941
444 6631
445 86851
Execute
446 2211
Execute
447 47791
448 90431
449 58741
Execute
Execute
450 91021
451 18871
32
452 99521
Execute
453 17001
Execute
454 37261
455 12601
456 59331
457 29671
458 90011
459 55841
460 18551
461 2361
Execute
462 40841
Execute
463 14951
Execute
464 74351
465 89981
Execute
466 33791
467 36531
468 79931
469 46351
470 2611
471 99251
Execute
472 45501
473 81691
474 20791
475 71471
476 70221
